#data decimated by hand by Tod,,
#Time,Eng. Strain,Eng. Stress
0,0,0
0.15,0.000058,0.185626
0.75,0.000265,0.807505
1.41,0.000483,1.44082
2.37,0.000797,2.32792
3.37,0.001128,3.21813
4.37,0.001452,4.07732
5.37,0.001779,4.90579
6.37,0.002113,5.7239
7.37,0.002443,6.51131
8.37,0.002783,7.28073
9.37,0.00313,8.04133
10.37,0.003475,8.76782
11.37,0.003816,9.46871
12.37,0.004164,10.1497
13.37,0.004518,10.8165
14.37,0.004875,11.4624
15.37,0.005238,12.0944
16.37,0.005607,12.6983
17.37,0.005977,13.2758
18.37,0.006357,13.8431
19.37,0.006738,14.3833
20.37,0.007128,14.9099
21.37,0.007529,15.4252
22.37,0.007935,15.9167
23.37,0.008353,16.3964
24.37,0.00877,16.8412
25.37,0.00919,17.2712
26.37,0.009624,17.696
27.37,0.010063,18.0964
28.37,0.010506,18.4849
29.37,0.010966,18.865
30.37,0.011426,19.228
31.37,0.011892,19.5626
32.37,0.012365,19.8888
33.37,0.012845,20.2037
34.37,0.013334,20.5032
35.37,0.013824,20.7923
36.37,0.014311,21.0635
37.37,0.014798,21.3048
38.37,0.015055,21.1583
39.37,0.015105,20.8653
40.37,0.015144,20.6515
41.37,0.015176,20.4766
42.37,0.015205,20.3292
43.37,0.015229,20.1991
44.37,0.015252,20.0836
45.37,0.015265,19.9779
46.37,0.015278,19.8816
47.37,0.015294,19.7908
48.37,0.015305,19.7078
49.37,0.015316,19.6404
50.37,0.01533,19.5662
51.37,0.015336,19.498
52.37,0.015351,19.4321
53.37,0.015362,19.3697
54.37,0.015371,19.311
55.37,0.015378,19.2534
56.37,0.015386,19.2008
57.37,0.015393,19.1503
58.37,0.015401,19.1003
59.37,0.015403,19.0513
60.37,0.015412,19.0068
61.37,0.015416,18.9606
62.37,0.01542,18.9199
63.37,0.01543,18.8762
64.37,0.015437,18.8366
65.37,0.015436,18.7977
66.37,0.015444,18.7597
67.37,0.015445,18.7245
68.37,0.015454,18.6886
69.37,0.015456,18.6532
70.37,0.015459,18.6203
71.37,0.015461,18.5859
72.37,0.015465,18.5549
73.37,0.015471,18.5239
74.37,0.015474,18.4916
75.37,0.015474,18.4632
76.37,0.015478,18.4341
77.37,0.01548,18.4045
78.37,0.015483,18.3777
79.37,0.01549,18.349
80.37,0.015487,18.3234
81.37,0.015496,18.2961
82.37,0.015494,18.2712
83.37,0.015501,18.2445
84.37,0.015502,18.2207
85.37,0.015504,18.1967
86.37,0.015507,18.1744
87.37,0.015508,18.1501
88.37,0.015514,18.127
89.37,0.015513,18.1035
90.37,0.015513,18.0821
91.37,0.015522,18.0609
92.37,0.015515,18.0397
93.37,0.01552,18.0195
94.37,0.015528,17.998
95.37,0.015524,17.9775
96.37,0.015528,17.9571
97.37,0.01553,17.9383
98.37,0.015531,17.9176
99.37,0.015536,17.8992
100.37,0.015535,17.8803
101.37,0.015541,17.8619
102.37,0.015539,17.844
103.37,0.01554,17.8251
104.37,0.015541,17.8067
105.37,0.015544,17.7908
106.37,0.015542,17.7728
107.37,0.015541,17.7546
108.37,0.015549,17.7388
109.37,0.015553,17.7224
110.37,0.015552,17.7051
111.37,0.015555,17.691
112.37,0.015554,17.6743
113.37,0.015554,17.6587
114.37,0.01556,17.6428
115.37,0.015561,17.6262
116.37,0.015559,17.6104
117.37,0.015558,17.5965
118.37,0.015564,17.582
119.37,0.015561,17.5677
120.37,0.015563,17.5523
121.37,0.015565,17.5388
122.37,0.015563,17.5228
123.37,0.015566,17.5104
124.37,0.015568,17.4955
125.37,0.015568,17.4829
126.37,0.015573,17.4686
127.37,0.01557,17.4553
128.37,0.015572,17.4416
129.37,0.015574,17.4292
130.37,0.015573,17.4161
131.37,0.015573,17.4026
132.37,0.015575,17.3894
133.37,0.015577,17.3784
134.37,0.015575,17.3649
135.37,0.015577,17.3527
136.37,0.015579,17.3394
137.37,0.015581,17.3283
138.37,0.015581,17.3171
139.37,0.015585,17.3036
140.37,0.015586,17.2919
141.37,0.015584,17.2781
142.37,0.015585,17.2695
143.37,0.015588,17.2566
144.37,0.015589,17.246
145.37,0.015591,17.2342
146.37,0.015589,17.2232
147.37,0.015593,17.2126
148.37,0.015592,17.2014
149.37,0.015591,17.1892
150.37,0.015594,17.1799
151.37,0.015593,17.169
152.37,0.015592,17.1579
153.37,0.015593,17.1483
154.37,0.015593,17.1377
155.37,0.015596,17.1263
156.37,0.015597,17.1148
157.37,0.015594,17.1053
158.37,0.015596,17.0973
159.37,0.0156,17.086
160.37,0.015596,17.0755
161.37,0.015599,17.0662
162.37,0.015602,17.0568
163.37,0.015604,17.046
164.37,0.015599,17.0358
165.37,0.015603,17.0265
166.37,0.015606,17.0174
167.37,0.015604,17.0094
168.37,0.015606,16.9984
169.37,0.015608,16.9893
170.37,0.015602,16.9808
171.37,0.015605,16.9701
172.37,0.015607,16.9605
173.37,0.015607,16.9533
174.37,0.015609,16.9434
175.37,0.015612,16.935
176.37,0.015607,16.9252
177.37,0.01561,16.9176
178.37,0.01561,16.9081
179.37,0.01561,16.8998
180.37,0.015608,16.8911
181.37,0.015613,16.8832
182.37,0.015611,16.875
183.37,0.015616,16.8661
184.37,0.015613,16.8572
185.37,0.015618,16.8496
186.37,0.015615,16.8411
187.37,0.015615,16.8328
188.37,0.015616,16.8244
189.37,0.015617,16.8163
190.37,0.015612,16.8078
191.37,0.015615,16.7996
192.37,0.015619,16.7922
193.37,0.015617,16.7836
194.37,0.015619,16.776
195.37,0.01562,16.7687
196.37,0.015619,16.7598
197.37,0.015622,16.7537
198.37,0.015623,16.7476
199.37,0.015624,16.7381
200.37,0.015621,16.7348
201.37,0.015624,16.7252
202.37,0.015623,16.7188
203.37,0.015623,16.7101
204.37,0.015621,16.7
205.37,0.015621,16.6927
206.37,0.015625,16.6865
207.37,0.015626,16.6776
208.37,0.015626,16.6721
209.37,0.015628,16.6638
210.37,0.015625,16.6556
211.37,0.015625,16.6505
212.37,0.015626,16.6425
213.37,0.015625,16.6366
214.37,0.015629,16.6291
215.37,0.015627,16.6226
216.37,0.015631,16.6156
217.37,0.015626,16.6086
218.37,0.015634,16.6005
219.37,0.015629,16.5949
220.37,0.015627,16.5885
221.37,0.015632,16.5812
222.37,0.015632,16.5761
223.37,0.01563,16.5682
224.37,0.015631,16.5597
225.37,0.015634,16.5569
226.37,0.015631,16.5482
227.37,0.015631,16.5415
228.37,0.015633,16.5353
229.37,0.015634,16.5282
230.37,0.015636,16.5225
231.37,0.015637,16.5159
232.37,0.015636,16.5098
233.37,0.015635,16.5042
234.37,0.015634,16.4977
235.37,0.015636,16.4911
236.37,0.015639,16.4846
237.37,0.015638,16.4785
238.37,0.015638,16.4721
239.37,0.015636,16.4662
240.37,0.015638,16.4606
241.37,0.015641,16.4542
242.37,0.015637,16.4468
243.37,0.015639,16.4407
244.37,0.015636,16.4369
245.37,0.01564,16.4292
246.37,0.015643,16.4235
247.37,0.015641,16.4181
248.37,0.015641,16.4133
249.37,0.015642,16.4055
250.37,0.015645,16.4005
251.37,0.015642,16.396
252.37,0.015639,16.3891
253.37,0.015643,16.3822
254.37,0.01564,16.3769
255.37,0.015644,16.3708
256.37,0.015641,16.3651
257.37,0.015642,16.3604
258.37,0.015647,16.3544
259.37,0.015642,16.3485
260.37,0.015645,16.3431
261.37,0.015647,16.3374
262.37,0.015643,16.332
263.37,0.01565,16.3274
264.37,0.015646,16.3213
265.37,0.015644,16.3157
266.37,0.015644,16.3111
267.37,0.015645,16.3061
268.37,0.015644,16.3004
269.37,0.015648,16.2989
270.37,0.015645,16.2881
271.37,0.015647,16.2833
272.37,0.01565,16.278
273.37,0.015651,16.273
274.37,0.015644,16.2689
275.37,0.015646,16.2632
276.37,0.015646,16.2541
277.37,0.015645,16.253
278.37,0.015649,16.2477
279.37,0.015649,16.2413
280.37,0.015648,16.2365
281.37,0.01565,16.2315
282.37,0.01565,16.227
283.37,0.015649,16.2209
284.37,0.015649,16.2162
285.37,0.015651,16.2119
286.37,0.015649,16.2066
287.37,0.01565,16.2015
288.37,0.015651,16.1966
289.37,0.015645,16.1923
290.37,0.015649,16.1868
291.37,0.015651,16.1817
292.37,0.015655,16.1782
293.37,0.015652,16.1717
294.37,0.015652,16.1676
295.37,0.015649,16.1627
296.37,0.015656,16.1583
297.37,0.01565,16.1525
298.37,0.015654,16.1477
299.37,0.015656,16.1438
300.37,0.015656,16.1388
301.37,0.015654,16.1316
302.37,0.01565,16.1289
303.37,0.015651,16.1243
304.37,0.015655,16.1202
305.37,0.015655,16.1153
306.37,0.015653,16.1106
307.37,0.015654,16.1057
308.37,0.015656,16.1022
309.37,0.015657,16.0973
310.37,0.015656,16.0937
311.37,0.015656,16.0877
312.37,0.01566,16.0826
313.37,0.015658,16.0777
314.37,0.015655,16.0745
315.37,0.015654,16.0706
316.37,0.015658,16.0649
317.37,0.015654,16.0602
318.37,0.015655,16.0563
319.37,0.015659,16.0507
320.37,0.01566,16.0477
321.37,0.015659,16.042
322.37,0.015659,16.0376
323.37,0.015656,16.0357
